[views/ise_overview]
version = 6.0.1
modtime = 1394136851.490853000

[views/ise_system_health]
version = 6.0.1
modtime = 1394137726.795155000
